iter,fitness,time,XPL,XPT,DIV
0,22135.0,0.236,100.0,0.0,0.49
1,556.0,15.729,20.61,79.39,0.101
2,556.0,14.158,0.0,100.0,0.0
3,556.0,10.108,37.76,62.24,0.185
4,556.0,9.263,22.45,77.55,0.11
5,539.0,8.638,0.0,100.0,0.0
6,539.0,10.06,32.04,67.96,0.157
7,539.0,9.226,0.0,100.0,0.0
8,539.0,10.089,0.0,100.0,0.0
9,539.0,15.387,0.0,100.0,0.0
10,539.0,12.776,0.0,100.0,0.0
11,539.0,15.182,0.0,100.0,0.0
12,539.0,12.381,27.14,72.86,0.133
13,539.0,7.809,0.2,99.8,0.001
14,539.0,11.261,27.35,72.65,0.134
15,539.0,12.423,0.0,100.0,0.0
16,539.0,16.311,0.0,100.0,0.0
17,539.0,14.303,36.94,63.06,0.181
18,539.0,12.794,35.92,64.08,0.176
19,539.0,17.237,0.0,100.0,0.0
20,539.0,20.557,0.0,100.0,0.0
21,539.0,20.082,27.55,72.45,0.135
22,539.0,19.212,0.0,100.0,0.0
23,539.0,19.77,45.92,54.08,0.225
24,539.0,14.817,15.1,84.9,0.074
25,539.0,2.161,21.43,78.57,0.105
26,539.0,18.234,17.96,82.04,0.088
27,539.0,16.818,22.24,77.76,0.109
28,539.0,15.909,32.24,67.76,0.158
29,539.0,15.197,21.22,78.78,0.104
30,539.0,15.238,28.37,71.63,0.139
31,539.0,19.802,0.2,99.8,0.001
32,539.0,14.736,17.14,82.86,0.084
33,539.0,10.74,36.73,63.27,0.18
34,539.0,8.62,0.2,99.8,0.001
35,539.0,8.793,0.0,100.0,0.0
36,539.0,8.706,27.35,72.65,0.134
37,539.0,10.235,22.45,77.55,0.11
38,539.0,12.072,21.84,78.16,0.107
39,539.0,11.641,0.0,100.0,0.0
40,539.0,10.532,0.0,100.0,0.0
41,539.0,13.483,11.63,88.37,0.057
42,539.0,13.355,0.0,100.0,0.0
43,539.0,13.56,0.0,100.0,0.0
44,539.0,11.808,16.94,83.06,0.083
45,539.0,12.427,0.0,100.0,0.0
46,539.0,14.543,0.0,100.0,0.0
47,539.0,14.833,32.24,67.76,0.158
48,539.0,15.803,0.0,100.0,0.0
49,539.0,17.839,27.35,72.65,0.134
50,538.0,17.279,0.2,99.8,0.001
51,538.0,19.237,0.0,100.0,0.0
52,538.0,20.53,0.0,100.0,0.0
53,538.0,20.405,27.55,72.45,0.135
54,538.0,18.071,0.0,100.0,0.0
55,538.0,18.371,0.0,100.0,0.0
56,538.0,18.706,0.0,100.0,0.0
57,538.0,17.074,16.94,83.06,0.083
58,538.0,19.877,0.0,100.0,0.0
59,538.0,20.002,0.0,100.0,0.0
60,538.0,18.998,0.0,100.0,0.0
61,538.0,18.798,0.0,100.0,0.0
62,538.0,17.362,0.0,100.0,0.0
63,538.0,15.12,0.0,100.0,0.0
64,538.0,14.162,0.0,100.0,0.0
65,538.0,13.826,27.55,72.45,0.135
66,538.0,13.961,17.96,82.04,0.088
67,538.0,13.617,0.2,99.8,0.001
68,538.0,14.685,32.45,67.55,0.159
69,538.0,14.811,32.45,67.55,0.159
70,538.0,14.658,36.73,63.27,0.18
71,538.0,13.493,11.22,88.78,0.055
72,538.0,13.612,42.04,57.96,0.206
73,538.0,12.529,18.16,81.84,0.089
74,538.0,15.133,21.43,78.57,0.105
75,538.0,13.446,30.0,70.0,0.147
76,538.0,15.049,0.0,100.0,0.0
77,538.0,11.759,0.0,100.0,0.0
78,538.0,11.938,16.94,83.06,0.083
79,538.0,10.526,0.0,100.0,0.0
80,538.0,11.722,46.53,53.47,0.228
81,538.0,12.372,18.98,81.02,0.093
82,538.0,14.291,11.22,88.78,0.055
83,538.0,12.622,32.24,67.76,0.158
84,538.0,12.788,26.94,73.06,0.132
85,538.0,13.043,0.0,100.0,0.0
86,538.0,11.025,32.24,67.76,0.158
87,538.0,12.049,0.2,99.8,0.001
88,538.0,14.329,0.0,100.0,0.0
89,538.0,13.347,0.0,100.0,0.0
90,538.0,12.967,0.0,100.0,0.0
91,538.0,12.787,0.0,100.0,0.0
92,538.0,12.109,17.14,82.86,0.084
93,538.0,12.754,0.0,100.0,0.0
94,538.0,13.338,0.0,100.0,0.0
95,538.0,12.75,0.0,100.0,0.0
96,538.0,13.028,0.0,100.0,0.0
97,538.0,11.58,32.04,67.96,0.157
98,538.0,11.763,23.06,76.94,0.113
99,538.0,12.587,5.92,94.08,0.029
100,538.0,11.313,26.53,73.47,0.13
101,538.0,12.521,17.76,82.24,0.087
102,538.0,13.049,0.2,99.8,0.001
103,538.0,13.574,0.0,100.0,0.0
104,538.0,16.702,11.43,88.57,0.056
105,538.0,13.251,11.84,88.16,0.058
106,538.0,13.381,11.02,88.98,0.054
107,538.0,11.889,0.0,100.0,0.0
108,538.0,11.235,0.0,100.0,0.0
109,538.0,11.677,22.45,77.55,0.11
110,538.0,10.813,12.86,87.14,0.063
111,538.0,10.27,22.86,77.14,0.112
112,538.0,11.861,0.2,99.8,0.001
113,538.0,10.546,22.45,77.55,0.11
114,538.0,10.706,0.0,100.0,0.0
115,538.0,7.518,0.0,100.0,0.0
116,538.0,8.622,0.0,100.0,0.0
117,538.0,6.779,11.43,88.57,0.056
118,538.0,5.99,32.24,67.76,0.158
119,538.0,6.422,20.82,79.18,0.102
120,538.0,6.254,18.98,81.02,0.093
121,538.0,6.172,0.0,100.0,0.0
122,538.0,6.5,0.0,100.0,0.0
123,538.0,6.003,16.73,83.27,0.082
124,538.0,5.841,26.94,73.06,0.132
125,538.0,6.602,0.0,100.0,0.0
126,538.0,6.317,0.0,100.0,0.0
127,538.0,6.289,0.0,100.0,0.0
128,538.0,5.784,27.14,72.86,0.133
129,538.0,5.959,27.76,72.24,0.136
130,538.0,6.671,0.0,100.0,0.0
131,538.0,6.651,0.0,100.0,0.0
132,538.0,6.608,0.0,100.0,0.0
133,538.0,6.657,0.0,100.0,0.0
134,538.0,6.612,0.0,100.0,0.0
135,538.0,5.741,32.45,67.55,0.159
136,538.0,6.359,0.0,100.0,0.0
137,538.0,6.177,6.12,93.88,0.03
138,538.0,6.402,0.0,100.0,0.0
139,538.0,6.654,0.0,100.0,0.0
140,538.0,6.613,0.0,100.0,0.0
141,538.0,6.452,11.43,88.57,0.056
142,538.0,6.405,0.0,100.0,0.0
143,538.0,6.174,22.45,77.55,0.11
144,538.0,6.253,0.2,99.8,0.001
145,538.0,6.749,0.0,100.0,0.0
146,538.0,6.634,0.0,100.0,0.0
147,538.0,6.63,0.0,100.0,0.0
148,538.0,6.635,0.0,100.0,0.0
149,538.0,6.359,11.22,88.78,0.055
150,538.0,0.888,57.14,42.86,0.28
151,538.0,6.255,7.96,92.04,0.039
152,538.0,6.278,16.94,83.06,0.083
153,538.0,6.034,23.47,76.53,0.115
154,538.0,6.613,0.0,100.0,0.0
155,538.0,6.518,0.0,100.0,0.0
156,538.0,6.619,0.0,100.0,0.0
157,538.0,6.394,11.43,88.57,0.056
158,538.0,6.322,16.94,83.06,0.083
159,538.0,6.286,16.94,83.06,0.083
160,538.0,5.907,31.63,68.37,0.155
161,538.0,5.942,32.24,67.76,0.158
162,538.0,6.26,17.14,82.86,0.084
163,538.0,5.904,28.57,71.43,0.14
164,538.0,5.674,36.12,63.88,0.177
165,538.0,1.004,61.22,38.78,0.3
166,538.0,1.679,0.61,99.39,0.003
167,538.0,6.261,16.73,83.27,0.082
168,538.0,5.955,31.84,68.16,0.156
169,538.0,6.186,0.2,99.8,0.001
170,538.0,6.682,0.0,100.0,0.0
171,538.0,6.051,27.55,72.45,0.135
172,538.0,6.044,27.55,72.45,0.135
173,538.0,6.176,0.2,99.8,0.001
174,538.0,6.655,0.0,100.0,0.0
175,538.0,6.141,22.65,77.35,0.111
176,538.0,6.496,11.63,88.37,0.057
177,538.0,6.529,5.92,94.08,0.029
178,538.0,6.129,18.57,81.43,0.091
179,538.0,6.294,0.2,99.8,0.001
180,538.0,6.604,0.0,100.0,0.0
181,538.0,6.595,0.0,100.0,0.0
182,538.0,6.611,0.0,100.0,0.0
183,538.0,6.141,21.84,78.16,0.107
184,538.0,6.366,11.43,88.57,0.056
185,538.0,5.947,22.24,77.76,0.109
186,538.0,5.859,20.41,79.59,0.1
187,538.0,6.174,5.71,94.29,0.028
188,538.0,6.301,11.43,88.57,0.056
189,538.0,6.43,0.0,100.0,0.0
190,538.0,6.491,5.51,94.49,0.027
191,538.0,6.245,16.73,83.27,0.082
192,538.0,6.273,0.0,100.0,0.0
193,538.0,6.67,17.14,82.86,0.084
194,538.0,6.169,0.0,100.0,0.0
195,538.0,6.173,0.0,100.0,0.0
196,538.0,6.198,0.0,100.0,0.0
197,538.0,5.739,22.45,77.55,0.11
198,538.0,5.857,0.2,99.8,0.001
199,538.0,6.153,0.0,100.0,0.0
200,538.0,5.617,26.94,73.06,0.132
201,538.0,5.981,11.63,88.37,0.057
202,538.0,5.862,17.14,82.86,0.084
203,538.0,6.209,0.0,100.0,0.0
204,538.0,5.877,16.94,83.06,0.083
205,538.0,6.151,0.0,100.0,0.0
206,538.0,6.079,5.92,94.08,0.029
207,538.0,5.857,12.86,87.14,0.063
208,538.0,6.047,0.0,100.0,0.0
209,538.0,5.425,37.76,62.24,0.185
210,538.0,6.095,5.71,94.29,0.028
211,538.0,5.791,27.35,72.65,0.134
212,538.0,5.84,7.55,92.45,0.037
213,538.0,6.032,0.0,100.0,0.0
214,538.0,5.652,27.55,72.45,0.135
215,538.0,5.702,0.0,100.0,0.0
216,538.0,5.824,16.73,83.27,0.082
217,538.0,5.937,11.63,88.37,0.057
218,538.0,6.02,0.0,100.0,0.0
219,538.0,6.19,0.0,100.0,0.0
220,538.0,6.181,0.0,100.0,0.0
221,538.0,5.856,16.53,83.47,0.081
222,538.0,6.169,0.0,100.0,0.0
223,538.0,6.139,0.0,100.0,0.0
224,538.0,6.15,0.0,100.0,0.0
225,538.0,5.958,11.43,88.57,0.056
226,538.0,6.093,5.92,94.08,0.029
227,538.0,6.051,5.71,94.29,0.028
228,538.0,5.728,22.04,77.96,0.108
229,538.0,5.948,11.43,88.57,0.056
230,538.0,5.848,15.51,84.49,0.076
231,538.0,5.949,10.0,90.0,0.049
232,538.0,6.153,0.0,100.0,0.0
233,538.0,5.877,16.53,83.47,0.081
234,538.0,6.305,5.92,94.08,0.029
235,538.0,6.19,16.94,83.06,0.083
236,538.0,6.298,0.0,100.0,0.0
237,538.0,6.632,0.0,100.0,0.0
238,538.0,6.245,5.92,94.08,0.029
239,538.0,6.108,0.0,100.0,0.0
240,538.0,5.642,22.45,77.55,0.11
241,538.0,1.141,59.39,40.61,0.291
242,532.0,2.261,1.02,98.98,0.005
243,532.0,5.733,16.73,83.27,0.082
244,532.0,5.561,27.55,72.45,0.135
245,532.0,5.984,5.92,94.08,0.029
246,532.0,6.11,0.0,100.0,0.0
247,532.0,6.168,0.0,100.0,0.0
248,532.0,6.163,0.0,100.0,0.0
249,532.0,6.098,5.92,94.08,0.029
250,532.0,6.175,0.0,100.0,0.0
251,532.0,6.162,0.0,100.0,0.0
252,532.0,6.198,0.0,100.0,0.0
253,532.0,6.037,11.43,88.57,0.056
254,532.0,6.098,0.0,100.0,0.0
255,532.0,6.173,0.0,100.0,0.0
256,532.0,6.172,0.0,100.0,0.0
257,532.0,6.187,0.0,100.0,0.0
258,532.0,6.167,0.0,100.0,0.0
259,532.0,6.186,0.0,100.0,0.0
260,532.0,6.169,0.0,100.0,0.0
261,532.0,5.753,16.94,83.06,0.083
262,532.0,5.952,0.0,100.0,0.0
263,532.0,6.154,0.0,100.0,0.0
264,532.0,6.179,0.0,100.0,0.0
265,532.0,6.165,0.0,100.0,0.0
266,532.0,5.976,11.43,88.57,0.056
267,532.0,5.99,0.0,100.0,0.0
268,532.0,6.138,0.0,100.0,0.0
269,532.0,5.848,17.14,82.86,0.084
270,532.0,5.929,0.0,100.0,0.0
271,532.0,6.004,5.71,94.29,0.028
272,532.0,5.991,5.92,94.08,0.029
273,532.0,5.95,0.0,100.0,0.0
274,532.0,6.028,5.92,94.08,0.029
275,532.0,6.083,5.71,94.29,0.028
276,532.0,6.036,5.71,94.29,0.028
277,532.0,6.024,11.43,88.57,0.056
278,532.0,6.235,0.0,100.0,0.0
279,532.0,6.314,0.0,100.0,0.0
280,532.0,6.194,0.0,100.0,0.0
281,532.0,6.166,0.0,100.0,0.0
282,532.0,6.165,0.0,100.0,0.0
283,532.0,6.204,0.0,100.0,0.0
284,532.0,6.231,0.0,100.0,0.0
285,532.0,6.095,5.92,94.08,0.029
286,532.0,6.19,0.0,100.0,0.0
287,532.0,5.852,17.14,82.86,0.084
288,532.0,6.194,0.0,100.0,0.0
289,532.0,5.986,11.43,88.57,0.056
290,532.0,5.938,11.43,88.57,0.056
291,532.0,6.162,0.0,100.0,0.0
292,532.0,5.755,22.45,77.55,0.11
293,532.0,5.813,0.0,100.0,0.0
294,532.0,6.204,0.0,100.0,0.0
295,532.0,6.201,0.0,100.0,0.0
296,532.0,5.944,11.63,88.37,0.057
297,532.0,5.997,0.0,100.0,0.0
298,532.0,6.039,5.92,94.08,0.029
299,532.0,6.08,0.0,100.0,0.0
300,532.0,5.981,10.82,89.18,0.053
301,532.0,6.071,5.71,94.29,0.028
302,532.0,6.229,0.0,100.0,0.0
303,532.0,6.087,5.92,94.08,0.029
304,532.0,6.19,0.0,100.0,0.0
305,532.0,6.001,11.84,88.16,0.058
306,532.0,6.182,0.0,100.0,0.0
307,532.0,5.732,22.45,77.55,0.11
308,532.0,5.849,0.0,100.0,0.0
309,532.0,6.165,0.0,100.0,0.0
310,532.0,6.158,0.0,100.0,0.0
311,532.0,6.155,0.0,100.0,0.0
312,532.0,6.068,5.92,94.08,0.029
313,532.0,5.951,11.43,88.57,0.056
314,532.0,5.975,5.92,94.08,0.029
315,532.0,6.1,0.0,100.0,0.0
316,532.0,6.25,0.0,100.0,0.0
317,532.0,6.178,0.0,100.0,0.0
318,532.0,6.201,0.0,100.0,0.0
319,532.0,6.211,0.0,100.0,0.0
320,532.0,6.162,0.0,100.0,0.0
321,532.0,5.827,16.94,83.06,0.083
322,532.0,6.055,5.92,94.08,0.029
323,532.0,6.166,0.0,100.0,0.0
324,532.0,5.946,11.43,88.57,0.056
325,532.0,6.126,0.0,100.0,0.0
326,532.0,6.154,0.0,100.0,0.0
327,532.0,6.035,5.71,94.29,0.028
328,532.0,6.16,0.0,100.0,0.0
329,532.0,6.162,0.0,100.0,0.0
330,532.0,6.137,0.0,100.0,0.0
331,532.0,6.15,0.0,100.0,0.0
332,532.0,6.148,0.0,100.0,0.0
333,532.0,6.149,0.0,100.0,0.0
334,532.0,6.052,5.71,94.29,0.028
335,532.0,6.04,5.71,94.29,0.028
336,532.0,6.001,5.71,94.29,0.028
337,532.0,6.004,0.0,100.0,0.0
338,532.0,5.85,11.43,88.57,0.056
339,532.0,5.668,22.04,77.96,0.108
340,532.0,6.046,0.0,100.0,0.0
341,532.0,5.935,5.92,94.08,0.029
342,532.0,5.922,5.92,94.08,0.029
343,532.0,6.098,0.0,100.0,0.0
344,532.0,6.072,0.0,100.0,0.0
345,532.0,5.896,5.92,94.08,0.029
346,532.0,5.828,11.43,88.57,0.056
347,532.0,5.703,17.14,82.86,0.084
348,532.0,6.044,0.0,100.0,0.0
349,532.0,5.891,11.43,88.57,0.056
350,532.0,5.857,11.22,88.78,0.055
351,532.0,5.86,0.0,100.0,0.0
352,532.0,6.039,0.0,100.0,0.0
353,532.0,6.031,0.0,100.0,0.0
354,532.0,6.046,0.0,100.0,0.0
355,532.0,6.08,0.0,100.0,0.0
356,532.0,6.035,0.0,100.0,0.0
357,532.0,6.059,0.0,100.0,0.0
358,532.0,6.064,0.0,100.0,0.0
359,532.0,5.952,5.92,94.08,0.029
360,532.0,6.069,0.0,100.0,0.0
361,532.0,6.05,0.0,100.0,0.0
362,532.0,6.021,5.71,94.29,0.028
363,532.0,5.949,0.0,100.0,0.0
364,532.0,5.613,22.45,77.55,0.11
365,532.0,5.841,7.35,92.65,0.036
366,532.0,5.974,5.71,94.29,0.028
367,532.0,6.026,0.0,100.0,0.0
368,532.0,5.93,5.92,94.08,0.029
369,532.0,6.012,0.0,100.0,0.0
370,532.0,6.046,0.0,100.0,0.0
371,532.0,5.939,5.71,94.29,0.028
372,532.0,5.83,11.63,88.37,0.057
373,532.0,6.046,0.0,100.0,0.0
374,532.0,6.046,0.0,100.0,0.0
375,532.0,6.053,0.0,100.0,0.0
376,532.0,6.051,0.0,100.0,0.0
377,532.0,6.032,0.0,100.0,0.0
378,532.0,6.129,0.0,100.0,0.0
379,532.0,6.069,0.0,100.0,0.0
380,532.0,6.061,0.0,100.0,0.0
381,532.0,6.033,0.0,100.0,0.0
382,532.0,6.046,0.0,100.0,0.0
383,532.0,6.042,0.0,100.0,0.0
384,532.0,6.031,0.0,100.0,0.0
385,532.0,6.034,0.0,100.0,0.0
386,532.0,6.042,0.0,100.0,0.0
387,532.0,6.025,0.0,100.0,0.0
388,532.0,5.731,16.94,83.06,0.083
389,532.0,5.959,5.71,94.29,0.028
390,532.0,5.916,0.0,100.0,0.0
391,532.0,6.007,0.0,100.0,0.0
392,532.0,6.013,0.0,100.0,0.0
393,532.0,6.008,0.0,100.0,0.0
394,532.0,6.008,0.0,100.0,0.0
395,532.0,6.017,0.0,100.0,0.0
396,532.0,6.002,0.0,100.0,0.0
397,532.0,6.045,0.0,100.0,0.0
398,532.0,5.955,5.71,94.29,0.028
399,532.0,5.919,5.92,94.08,0.029
400,532.0,5.962,0.0,100.0,0.0
401,532.0,6.029,0.0,100.0,0.0
402,532.0,6.16,0.0,100.0,0.0
403,532.0,5.914,5.92,94.08,0.029
404,532.0,5.902,0.0,100.0,0.0
405,532.0,5.785,11.22,88.78,0.055
406,532.0,5.841,0.0,100.0,0.0
407,532.0,6.015,0.0,100.0,0.0
408,532.0,5.974,5.92,94.08,0.029
409,532.0,5.982,5.92,94.08,0.029
410,532.0,5.975,0.0,100.0,0.0
411,532.0,6.024,0.0,100.0,0.0
412,532.0,6.066,0.0,100.0,0.0
413,532.0,6.044,0.0,100.0,0.0
414,532.0,5.944,5.71,94.29,0.028
415,532.0,5.968,0.0,100.0,0.0
416,532.0,6.058,0.0,100.0,0.0
417,532.0,5.93,5.71,94.29,0.028
418,532.0,6.111,0.0,100.0,0.0
419,532.0,6.088,0.0,100.0,0.0
420,532.0,6.072,0.0,100.0,0.0
421,532.0,5.861,5.92,94.08,0.029
422,532.0,5.88,6.12,93.88,0.03
423,532.0,5.996,0.0,100.0,0.0
424,532.0,6.057,0.0,100.0,0.0
425,532.0,6.043,0.0,100.0,0.0
426,532.0,5.903,5.92,94.08,0.029
427,532.0,6.021,0.0,100.0,0.0
428,532.0,5.988,5.71,94.29,0.028
429,532.0,6.059,0.0,100.0,0.0
430,532.0,6.061,0.0,100.0,0.0
431,532.0,6.028,0.0,100.0,0.0
432,532.0,5.937,5.92,94.08,0.029
433,532.0,6.006,0.0,100.0,0.0
434,532.0,6.044,0.0,100.0,0.0
435,532.0,6.02,0.0,100.0,0.0
436,532.0,5.937,5.71,94.29,0.028
437,532.0,5.952,0.0,100.0,0.0
438,532.0,6.03,0.0,100.0,0.0
439,532.0,6.12,0.0,100.0,0.0
440,532.0,6.009,0.0,100.0,0.0
441,532.0,6.022,0.0,100.0,0.0
442,532.0,6.039,0.0,100.0,0.0
443,532.0,5.959,5.71,94.29,0.028
444,532.0,6.042,0.0,100.0,0.0
445,532.0,6.039,0.0,100.0,0.0
446,532.0,6.025,0.0,100.0,0.0
447,532.0,6.058,0.0,100.0,0.0
448,532.0,6.044,0.0,100.0,0.0
449,532.0,6.055,0.0,100.0,0.0
450,532.0,5.91,5.71,94.29,0.028
451,532.0,5.915,0.0,100.0,0.0
452,532.0,6.095,0.0,100.0,0.0
453,532.0,6.038,0.0,100.0,0.0
454,532.0,6.049,0.0,100.0,0.0
455,532.0,6.06,0.0,100.0,0.0
456,532.0,6.018,0.0,100.0,0.0
457,532.0,6.023,0.0,100.0,0.0
458,532.0,6.125,0.0,100.0,0.0
459,532.0,6.021,0.0,100.0,0.0
460,532.0,6.035,0.0,100.0,0.0
461,532.0,6.051,0.0,100.0,0.0
462,532.0,6.029,0.0,100.0,0.0
463,532.0,6.037,0.0,100.0,0.0
464,532.0,6.044,0.0,100.0,0.0
465,532.0,6.04,0.0,100.0,0.0
466,532.0,6.043,0.0,100.0,0.0
467,532.0,6.035,0.0,100.0,0.0
468,532.0,5.953,5.92,94.08,0.029
469,532.0,6.024,0.0,100.0,0.0
470,532.0,6.072,0.0,100.0,0.0
471,532.0,6.023,0.0,100.0,0.0
472,532.0,6.039,0.0,100.0,0.0
473,532.0,6.021,0.0,100.0,0.0
474,532.0,6.016,0.0,100.0,0.0
475,532.0,6.019,0.0,100.0,0.0
476,532.0,6.003,0.0,100.0,0.0
477,532.0,6.012,0.0,100.0,0.0
478,532.0,6.051,0.0,100.0,0.0
479,532.0,6.056,0.0,100.0,0.0
480,532.0,6.046,0.0,100.0,0.0
481,532.0,6.054,0.0,100.0,0.0
482,532.0,6.048,0.0,100.0,0.0
483,532.0,6.028,0.0,100.0,0.0
484,532.0,6.017,0.0,100.0,0.0
485,532.0,6.04,0.0,100.0,0.0
486,532.0,6.019,0.0,100.0,0.0
487,532.0,6.055,0.0,100.0,0.0
488,532.0,6.042,0.0,100.0,0.0
489,532.0,6.068,0.0,100.0,0.0
490,532.0,6.015,0.0,100.0,0.0
491,532.0,6.028,0.0,100.0,0.0
492,532.0,6.021,0.0,100.0,0.0
493,532.0,6.024,0.0,100.0,0.0
494,532.0,6.004,0.0,100.0,0.0
495,532.0,6.03,0.0,100.0,0.0
496,532.0,6.027,0.0,100.0,0.0
497,532.0,6.087,0.0,100.0,0.0
498,532.0,6.029,0.0,100.0,0.0
499,532.0,6.028,0.0,100.0,0.0
500,532.0,6.074,0.0,100.0,0.0
501,532.0,6.02,0.0,100.0,0.0
502,532.0,6.02,0.0,100.0,0.0
503,532.0,6.019,0.0,100.0,0.0
504,532.0,6.049,0.0,100.0,0.0
505,532.0,6.021,0.0,100.0,0.0
506,532.0,6.067,0.0,100.0,0.0
507,532.0,6.038,0.0,100.0,0.0
508,532.0,6.038,0.0,100.0,0.0
509,532.0,6.023,0.0,100.0,0.0
510,532.0,6.037,0.0,100.0,0.0
511,532.0,6.078,0.0,100.0,0.0
512,532.0,5.998,0.0,100.0,0.0
513,532.0,6.022,0.0,100.0,0.0
514,532.0,6.008,0.0,100.0,0.0
515,532.0,6.038,0.0,100.0,0.0
516,532.0,5.996,0.0,100.0,0.0
517,532.0,6.012,0.0,100.0,0.0
518,532.0,6.029,0.0,100.0,0.0
519,532.0,6.045,0.0,100.0,0.0
520,532.0,6.116,0.0,100.0,0.0
521,532.0,6.083,0.0,100.0,0.0
522,532.0,6.067,0.0,100.0,0.0
523,532.0,6.064,0.0,100.0,0.0
524,532.0,6.035,0.0,100.0,0.0
525,532.0,6.056,0.0,100.0,0.0
526,532.0,6.034,0.0,100.0,0.0
527,532.0,6.031,0.0,100.0,0.0
528,532.0,6.044,0.0,100.0,0.0
529,532.0,6.05,0.0,100.0,0.0
530,532.0,6.066,0.0,100.0,0.0
531,532.0,6.069,0.0,100.0,0.0
532,532.0,6.032,0.0,100.0,0.0
533,532.0,6.076,0.0,100.0,0.0
534,532.0,6.045,0.0,100.0,0.0
535,532.0,5.998,0.0,100.0,0.0
536,532.0,6.044,0.0,100.0,0.0
537,532.0,6.038,0.0,100.0,0.0
538,532.0,6.095,0.0,100.0,0.0
539,532.0,6.07,0.0,100.0,0.0
540,532.0,5.988,0.0,100.0,0.0
541,532.0,6.072,0.0,100.0,0.0
542,532.0,6.071,0.0,100.0,0.0
543,532.0,6.025,0.0,100.0,0.0
544,532.0,5.995,0.0,100.0,0.0
545,532.0,6.028,0.0,100.0,0.0
546,532.0,6.016,0.0,100.0,0.0
547,532.0,6.017,0.0,100.0,0.0
548,532.0,6.016,0.0,100.0,0.0
549,532.0,6.018,0.0,100.0,0.0
550,532.0,6.026,0.0,100.0,0.0
551,532.0,6.04,0.0,100.0,0.0
552,532.0,6.014,0.0,100.0,0.0
553,532.0,6.015,0.0,100.0,0.0
554,532.0,6.024,0.0,100.0,0.0
555,532.0,6.067,0.0,100.0,0.0
556,532.0,6.042,0.0,100.0,0.0
557,532.0,6.04,0.0,100.0,0.0
558,532.0,6.079,0.0,100.0,0.0
559,532.0,6.061,0.0,100.0,0.0
560,532.0,6.037,0.0,100.0,0.0
561,532.0,6.051,0.0,100.0,0.0
562,532.0,6.033,0.0,100.0,0.0
563,532.0,6.049,0.0,100.0,0.0
564,532.0,5.997,0.0,100.0,0.0
565,532.0,6.01,0.0,100.0,0.0
566,532.0,6.041,0.0,100.0,0.0
567,532.0,6.014,0.0,100.0,0.0
568,532.0,6.039,0.0,100.0,0.0
569,532.0,6.096,0.0,100.0,0.0
570,532.0,5.978,0.0,100.0,0.0
571,532.0,5.97,0.0,100.0,0.0
572,532.0,5.972,0.0,100.0,0.0
573,532.0,6.043,0.0,100.0,0.0
574,532.0,6.029,0.0,100.0,0.0
575,532.0,6.034,0.0,100.0,0.0
576,532.0,6.001,0.0,100.0,0.0
577,532.0,6.044,0.0,100.0,0.0
578,532.0,6.009,0.0,100.0,0.0
579,532.0,6.065,0.0,100.0,0.0
580,532.0,6.041,0.0,100.0,0.0
581,532.0,6.09,0.0,100.0,0.0
582,532.0,6.049,0.0,100.0,0.0
583,532.0,6.035,0.0,100.0,0.0
584,532.0,6.032,0.0,100.0,0.0
585,532.0,6.051,0.0,100.0,0.0
586,532.0,6.034,0.0,100.0,0.0
587,532.0,6.036,0.0,100.0,0.0
588,532.0,6.1,0.0,100.0,0.0
589,532.0,6.055,0.0,100.0,0.0
590,532.0,6.018,0.0,100.0,0.0
591,532.0,6.066,0.0,100.0,0.0
592,532.0,6.036,0.0,100.0,0.0
593,532.0,6.03,0.0,100.0,0.0
594,532.0,6.014,0.0,100.0,0.0
595,532.0,6.037,0.0,100.0,0.0
596,532.0,6.061,0.0,100.0,0.0
597,532.0,6.053,0.0,100.0,0.0
598,532.0,6.029,0.0,100.0,0.0
599,532.0,6.025,0.0,100.0,0.0
600,532.0,6.038,0.0,100.0,0.0
601,532.0,6.065,0.0,100.0,0.0
602,532.0,6.059,0.0,100.0,0.0
603,532.0,6.0,0.0,100.0,0.0
604,532.0,6.039,0.0,100.0,0.0
605,532.0,6.013,0.0,100.0,0.0
606,532.0,6.032,0.0,100.0,0.0
607,532.0,6.077,0.0,100.0,0.0
608,532.0,6.019,0.0,100.0,0.0
609,532.0,6.037,0.0,100.0,0.0
610,532.0,6.008,0.0,100.0,0.0
611,532.0,6.009,0.0,100.0,0.0
612,532.0,6.038,0.0,100.0,0.0
613,532.0,6.061,0.0,100.0,0.0
614,532.0,6.056,0.0,100.0,0.0
615,532.0,6.053,0.0,100.0,0.0
616,532.0,6.059,0.0,100.0,0.0
617,532.0,6.089,0.0,100.0,0.0
618,532.0,6.046,0.0,100.0,0.0
619,532.0,6.097,0.0,100.0,0.0
620,532.0,6.045,0.0,100.0,0.0
621,532.0,6.024,0.0,100.0,0.0
622,532.0,6.083,0.0,100.0,0.0
623,532.0,6.05,0.0,100.0,0.0
624,532.0,6.025,0.0,100.0,0.0
625,532.0,6.032,0.0,100.0,0.0
626,532.0,6.056,0.0,100.0,0.0
627,532.0,6.087,0.0,100.0,0.0
628,532.0,6.034,0.0,100.0,0.0
629,532.0,6.042,0.0,100.0,0.0
630,532.0,6.039,0.0,100.0,0.0
631,532.0,6.1,0.0,100.0,0.0
632,532.0,6.04,0.0,100.0,0.0
633,532.0,6.022,0.0,100.0,0.0
634,532.0,6.043,0.0,100.0,0.0
635,532.0,6.032,0.0,100.0,0.0
636,532.0,6.033,0.0,100.0,0.0
637,532.0,6.052,0.0,100.0,0.0
638,532.0,6.192,0.0,100.0,0.0
639,532.0,6.044,0.0,100.0,0.0
640,532.0,6.058,0.0,100.0,0.0
641,532.0,6.024,0.0,100.0,0.0
642,532.0,6.006,0.0,100.0,0.0
643,532.0,5.997,0.0,100.0,0.0
644,532.0,6.073,0.0,100.0,0.0
645,532.0,6.048,0.0,100.0,0.0
646,532.0,6.041,0.0,100.0,0.0
647,532.0,6.047,0.0,100.0,0.0
648,532.0,6.025,0.0,100.0,0.0
649,532.0,6.032,0.0,100.0,0.0
650,532.0,6.048,0.0,100.0,0.0
651,532.0,6.06,0.0,100.0,0.0
652,532.0,6.042,0.0,100.0,0.0
653,532.0,6.038,0.0,100.0,0.0
654,532.0,6.088,0.0,100.0,0.0
655,532.0,6.096,0.0,100.0,0.0
656,532.0,7.345,0.0,100.0,0.0
657,532.0,6.634,0.0,100.0,0.0
658,532.0,6.618,0.0,100.0,0.0
659,532.0,6.196,0.0,100.0,0.0
660,532.0,6.169,0.0,100.0,0.0
661,532.0,6.153,0.0,100.0,0.0
662,532.0,7.692,0.0,100.0,0.0
663,532.0,7.259,0.0,100.0,0.0
664,532.0,8.01,0.0,100.0,0.0
665,532.0,7.889,0.0,100.0,0.0
666,532.0,7.034,0.0,100.0,0.0
667,532.0,6.766,0.0,100.0,0.0
668,532.0,7.507,0.0,100.0,0.0
669,532.0,6.652,0.0,100.0,0.0
670,532.0,6.63,0.0,100.0,0.0
671,532.0,6.61,0.0,100.0,0.0
672,532.0,6.599,0.0,100.0,0.0
673,532.0,6.786,0.0,100.0,0.0
674,532.0,7.003,0.0,100.0,0.0
675,532.0,6.574,0.0,100.0,0.0
676,532.0,6.637,0.0,100.0,0.0
677,532.0,7.471,0.0,100.0,0.0
678,532.0,7.042,0.0,100.0,0.0
679,532.0,7.256,0.0,100.0,0.0
680,532.0,7.048,0.0,100.0,0.0
681,532.0,6.588,0.0,100.0,0.0
682,532.0,6.63,0.0,100.0,0.0
683,532.0,7.525,0.0,100.0,0.0
684,532.0,7.878,0.0,100.0,0.0
685,532.0,8.124,0.0,100.0,0.0
686,532.0,7.279,0.0,100.0,0.0
687,532.0,7.014,0.0,100.0,0.0
688,532.0,6.693,0.0,100.0,0.0
689,532.0,6.699,0.0,100.0,0.0
690,532.0,6.641,0.0,100.0,0.0
691,532.0,6.595,0.0,100.0,0.0
692,532.0,6.566,0.0,100.0,0.0
693,532.0,6.64,0.0,100.0,0.0
694,532.0,6.689,0.0,100.0,0.0
695,532.0,6.677,0.0,100.0,0.0
696,532.0,6.787,0.0,100.0,0.0
697,532.0,6.718,0.0,100.0,0.0
698,532.0,6.957,0.0,100.0,0.0
699,532.0,6.699,0.0,100.0,0.0
700,532.0,6.953,0.0,100.0,0.0
701,532.0,6.78,0.0,100.0,0.0
702,532.0,7.033,0.0,100.0,0.0
703,532.0,6.771,0.0,100.0,0.0
704,532.0,6.756,0.0,100.0,0.0
705,532.0,6.758,0.0,100.0,0.0
706,532.0,6.949,0.0,100.0,0.0
707,532.0,7.247,0.0,100.0,0.0
708,532.0,6.889,0.0,100.0,0.0
709,532.0,6.692,0.0,100.0,0.0
710,532.0,6.586,0.0,100.0,0.0
711,532.0,6.479,0.0,100.0,0.0
712,532.0,6.854,0.0,100.0,0.0
713,532.0,8.148,0.0,100.0,0.0
714,532.0,6.947,0.0,100.0,0.0
715,532.0,6.902,0.0,100.0,0.0
716,532.0,6.748,0.0,100.0,0.0
717,532.0,6.863,0.0,100.0,0.0
718,532.0,6.76,0.0,100.0,0.0
719,532.0,6.996,0.0,100.0,0.0
720,532.0,6.336,0.0,100.0,0.0
721,532.0,6.169,0.0,100.0,0.0
722,532.0,6.169,0.0,100.0,0.0
723,532.0,6.155,0.0,100.0,0.0
724,532.0,6.146,0.0,100.0,0.0
725,532.0,6.111,0.0,100.0,0.0
726,532.0,6.309,0.0,100.0,0.0
727,532.0,6.251,0.0,100.0,0.0
728,532.0,6.531,0.0,100.0,0.0
729,532.0,6.375,0.0,100.0,0.0
730,532.0,6.242,0.0,100.0,0.0
731,532.0,6.131,0.0,100.0,0.0
732,532.0,6.322,0.0,100.0,0.0
733,532.0,6.548,0.0,100.0,0.0
734,532.0,6.637,0.0,100.0,0.0
735,532.0,6.7,0.0,100.0,0.0
736,532.0,7.603,0.0,100.0,0.0
737,532.0,6.503,0.0,100.0,0.0
738,532.0,6.269,0.0,100.0,0.0
739,532.0,6.166,0.0,100.0,0.0
740,532.0,6.368,0.0,100.0,0.0
741,532.0,6.173,0.0,100.0,0.0
742,532.0,6.204,0.0,100.0,0.0
743,532.0,6.299,0.0,100.0,0.0
744,532.0,6.125,0.0,100.0,0.0
745,532.0,6.212,0.0,100.0,0.0
746,532.0,6.188,0.0,100.0,0.0
747,532.0,6.158,0.0,100.0,0.0
748,532.0,6.136,0.0,100.0,0.0
749,532.0,6.424,0.0,100.0,0.0
750,532.0,6.28,0.0,100.0,0.0
751,532.0,6.174,0.0,100.0,0.0
752,532.0,6.146,0.0,100.0,0.0
753,532.0,6.166,0.0,100.0,0.0
754,532.0,6.143,0.0,100.0,0.0
755,532.0,6.436,0.0,100.0,0.0
756,532.0,6.767,0.0,100.0,0.0
757,532.0,6.763,0.0,100.0,0.0
758,532.0,6.299,0.0,100.0,0.0
759,532.0,6.13,0.0,100.0,0.0
760,532.0,6.204,0.0,100.0,0.0
761,532.0,6.138,0.0,100.0,0.0
762,532.0,6.124,0.0,100.0,0.0
763,532.0,6.176,0.0,100.0,0.0
764,532.0,6.127,0.0,100.0,0.0
765,532.0,6.151,0.0,100.0,0.0
766,532.0,6.137,0.0,100.0,0.0
767,532.0,6.414,0.0,100.0,0.0
768,532.0,6.16,0.0,100.0,0.0
769,532.0,6.155,0.0,100.0,0.0
770,532.0,6.426,0.0,100.0,0.0
771,532.0,6.382,0.0,100.0,0.0
772,532.0,6.338,0.0,100.0,0.0
773,532.0,6.188,0.0,100.0,0.0
774,532.0,6.198,0.0,100.0,0.0
775,532.0,6.198,0.0,100.0,0.0
776,532.0,6.136,0.0,100.0,0.0
777,532.0,6.123,0.0,100.0,0.0
778,532.0,6.142,0.0,100.0,0.0
779,532.0,6.162,0.0,100.0,0.0
780,532.0,6.383,0.0,100.0,0.0
781,532.0,6.652,0.0,100.0,0.0
782,532.0,6.517,0.0,100.0,0.0
783,532.0,6.257,0.0,100.0,0.0
784,532.0,6.287,0.0,100.0,0.0
785,532.0,6.724,0.0,100.0,0.0
786,532.0,6.926,0.0,100.0,0.0
787,532.0,6.361,0.0,100.0,0.0
788,532.0,6.352,0.0,100.0,0.0
789,532.0,6.144,0.0,100.0,0.0
790,532.0,6.13,0.0,100.0,0.0
791,532.0,6.137,0.0,100.0,0.0
792,532.0,6.146,0.0,100.0,0.0
793,532.0,6.143,0.0,100.0,0.0
794,532.0,6.127,0.0,100.0,0.0
795,532.0,6.132,0.0,100.0,0.0
796,532.0,6.137,0.0,100.0,0.0
797,532.0,6.161,0.0,100.0,0.0
798,532.0,6.08,0.0,100.0,0.0
799,532.0,6.15,0.0,100.0,0.0
800,532.0,6.131,0.0,100.0,0.0
801,532.0,6.144,0.0,100.0,0.0
802,532.0,6.125,0.0,100.0,0.0
803,532.0,6.238,0.0,100.0,0.0
804,532.0,6.163,0.0,100.0,0.0
805,532.0,6.188,0.0,100.0,0.0
806,532.0,6.194,0.0,100.0,0.0
807,532.0,6.255,0.0,100.0,0.0
808,532.0,6.916,0.0,100.0,0.0
809,532.0,6.219,0.0,100.0,0.0
810,532.0,6.355,0.0,100.0,0.0
811,532.0,6.123,0.0,100.0,0.0
812,532.0,6.128,0.0,100.0,0.0
813,532.0,6.151,0.0,100.0,0.0
814,532.0,6.123,0.0,100.0,0.0
815,532.0,6.112,0.0,100.0,0.0
816,532.0,6.617,0.0,100.0,0.0
817,532.0,6.606,0.0,100.0,0.0
818,532.0,6.322,0.0,100.0,0.0
819,532.0,6.403,0.0,100.0,0.0
820,532.0,6.454,0.0,100.0,0.0
821,532.0,6.313,0.0,100.0,0.0
822,532.0,6.505,0.0,100.0,0.0
823,532.0,6.299,0.0,100.0,0.0
824,532.0,6.162,0.0,100.0,0.0
825,532.0,6.52,0.0,100.0,0.0
826,532.0,6.621,0.0,100.0,0.0
827,532.0,6.207,0.0,100.0,0.0
828,532.0,6.335,0.0,100.0,0.0
829,532.0,6.438,0.0,100.0,0.0
830,532.0,6.337,0.0,100.0,0.0
831,532.0,6.364,0.0,100.0,0.0
832,532.0,6.434,0.0,100.0,0.0
833,532.0,6.691,0.0,100.0,0.0
834,532.0,6.382,0.0,100.0,0.0
835,532.0,6.249,0.0,100.0,0.0
836,532.0,6.141,0.0,100.0,0.0
837,532.0,6.138,0.0,100.0,0.0
838,532.0,6.155,0.0,100.0,0.0
839,532.0,6.129,0.0,100.0,0.0
840,532.0,6.124,0.0,100.0,0.0
841,532.0,6.156,0.0,100.0,0.0
842,532.0,6.126,0.0,100.0,0.0
843,532.0,6.143,0.0,100.0,0.0
844,532.0,6.123,0.0,100.0,0.0
845,532.0,6.147,0.0,100.0,0.0
846,532.0,6.138,0.0,100.0,0.0
847,532.0,6.194,0.0,100.0,0.0
848,532.0,6.123,0.0,100.0,0.0
849,532.0,6.142,0.0,100.0,0.0
850,532.0,6.149,0.0,100.0,0.0
851,532.0,6.202,0.0,100.0,0.0
852,532.0,6.153,0.0,100.0,0.0
853,532.0,6.215,0.0,100.0,0.0
854,532.0,6.114,0.0,100.0,0.0
855,532.0,6.112,0.0,100.0,0.0
856,532.0,6.181,0.0,100.0,0.0
857,532.0,6.162,0.0,100.0,0.0
858,532.0,6.542,0.0,100.0,0.0
859,532.0,6.488,0.0,100.0,0.0
860,532.0,8.635,0.0,100.0,0.0
861,532.0,7.551,0.0,100.0,0.0
862,532.0,6.619,0.0,100.0,0.0
863,532.0,6.391,0.0,100.0,0.0
864,532.0,6.41,0.0,100.0,0.0
865,532.0,6.362,0.0,100.0,0.0
866,532.0,6.498,0.0,100.0,0.0
867,532.0,6.385,0.0,100.0,0.0
868,532.0,6.384,0.0,100.0,0.0
869,532.0,6.281,0.0,100.0,0.0
870,532.0,6.321,0.0,100.0,0.0
871,532.0,6.291,0.0,100.0,0.0
872,532.0,6.267,0.0,100.0,0.0
873,532.0,6.275,0.0,100.0,0.0
874,532.0,6.31,0.0,100.0,0.0
875,532.0,6.328,0.0,100.0,0.0
876,532.0,6.27,0.0,100.0,0.0
877,532.0,6.416,0.0,100.0,0.0
878,532.0,6.295,0.0,100.0,0.0
879,532.0,7.348,0.0,100.0,0.0
880,532.0,7.525,0.0,100.0,0.0
881,532.0,6.933,0.0,100.0,0.0
882,532.0,6.688,0.0,100.0,0.0
883,532.0,6.955,0.0,100.0,0.0
884,532.0,6.718,0.0,100.0,0.0
885,532.0,6.7,0.0,100.0,0.0
886,532.0,6.723,0.0,100.0,0.0
887,532.0,6.713,0.0,100.0,0.0
888,532.0,6.787,0.0,100.0,0.0
889,532.0,6.79,0.0,100.0,0.0
890,532.0,6.708,0.0,100.0,0.0
891,532.0,6.795,0.0,100.0,0.0
892,532.0,6.793,0.0,100.0,0.0
893,532.0,6.943,0.0,100.0,0.0
894,532.0,7.117,0.0,100.0,0.0
895,532.0,6.913,0.0,100.0,0.0
896,532.0,7.324,0.0,100.0,0.0
897,532.0,7.244,0.0,100.0,0.0
898,532.0,7.418,0.0,100.0,0.0
899,532.0,7.639,0.0,100.0,0.0
900,532.0,7.051,0.0,100.0,0.0
901,532.0,6.964,0.0,100.0,0.0
902,532.0,6.907,0.0,100.0,0.0
903,532.0,6.71,0.0,100.0,0.0
904,532.0,6.861,0.0,100.0,0.0
905,532.0,6.761,0.0,100.0,0.0
906,532.0,6.586,0.0,100.0,0.0
907,532.0,6.959,0.0,100.0,0.0
908,532.0,7.558,0.0,100.0,0.0
909,532.0,7.194,0.0,100.0,0.0
910,532.0,6.597,0.0,100.0,0.0
911,532.0,6.826,0.0,100.0,0.0
912,532.0,6.723,0.0,100.0,0.0
913,532.0,6.718,0.0,100.0,0.0
914,532.0,6.725,0.0,100.0,0.0
915,532.0,7.02,0.0,100.0,0.0
916,532.0,6.918,0.0,100.0,0.0
917,532.0,6.711,0.0,100.0,0.0
918,532.0,6.835,0.0,100.0,0.0
919,532.0,6.89,0.0,100.0,0.0
920,532.0,6.726,0.0,100.0,0.0
921,532.0,6.685,0.0,100.0,0.0
922,532.0,6.645,0.0,100.0,0.0
923,532.0,7.011,0.0,100.0,0.0
924,532.0,6.877,0.0,100.0,0.0
925,532.0,7.014,0.0,100.0,0.0
926,532.0,7.049,0.0,100.0,0.0
927,532.0,7.326,0.0,100.0,0.0
928,532.0,6.94,0.0,100.0,0.0
929,532.0,6.753,0.0,100.0,0.0
930,532.0,6.747,0.0,100.0,0.0
931,532.0,6.547,0.0,100.0,0.0
932,532.0,6.649,0.0,100.0,0.0
933,532.0,6.691,0.0,100.0,0.0
934,532.0,6.745,0.0,100.0,0.0
935,532.0,6.648,0.0,100.0,0.0
936,532.0,6.625,0.0,100.0,0.0
937,532.0,6.529,0.0,100.0,0.0
938,532.0,6.543,0.0,100.0,0.0
939,532.0,7.411,0.0,100.0,0.0
940,532.0,6.479,0.0,100.0,0.0
941,532.0,6.257,0.0,100.0,0.0
942,532.0,6.305,0.0,100.0,0.0
943,532.0,6.27,0.0,100.0,0.0
944,532.0,6.186,0.0,100.0,0.0
945,532.0,6.193,0.0,100.0,0.0
946,532.0,6.196,0.0,100.0,0.0
947,532.0,6.191,0.0,100.0,0.0
948,532.0,6.241,0.0,100.0,0.0
949,532.0,6.257,0.0,100.0,0.0
950,532.0,6.23,0.0,100.0,0.0
951,532.0,6.344,0.0,100.0,0.0
952,532.0,6.271,0.0,100.0,0.0
953,532.0,6.24,0.0,100.0,0.0
954,532.0,6.225,0.0,100.0,0.0
955,532.0,6.214,0.0,100.0,0.0
956,532.0,6.438,0.0,100.0,0.0
957,532.0,6.225,0.0,100.0,0.0
958,532.0,6.488,0.0,100.0,0.0
959,532.0,6.788,0.0,100.0,0.0
960,532.0,7.623,0.0,100.0,0.0
961,532.0,6.327,0.0,100.0,0.0
962,532.0,6.93,0.0,100.0,0.0
963,532.0,6.21,0.0,100.0,0.0
964,532.0,6.277,0.0,100.0,0.0
965,532.0,6.585,0.0,100.0,0.0
966,532.0,6.667,0.0,100.0,0.0
967,532.0,6.412,0.0,100.0,0.0
968,532.0,6.291,0.0,100.0,0.0
969,532.0,6.669,0.0,100.0,0.0
970,532.0,6.519,0.0,100.0,0.0
971,532.0,6.305,0.0,100.0,0.0
972,532.0,6.169,0.0,100.0,0.0
973,532.0,6.523,0.0,100.0,0.0
974,532.0,6.788,0.0,100.0,0.0
975,532.0,6.621,0.0,100.0,0.0
976,532.0,6.94,0.0,100.0,0.0
977,532.0,6.189,0.0,100.0,0.0
978,532.0,6.15,0.0,100.0,0.0
979,532.0,6.152,0.0,100.0,0.0
980,532.0,6.304,0.0,100.0,0.0
981,532.0,6.143,0.0,100.0,0.0
982,532.0,6.128,0.0,100.0,0.0
983,532.0,6.179,0.0,100.0,0.0
984,532.0,6.136,0.0,100.0,0.0
985,532.0,6.152,0.0,100.0,0.0
986,532.0,6.134,0.0,100.0,0.0
987,532.0,6.161,0.0,100.0,0.0
988,532.0,6.126,0.0,100.0,0.0
989,532.0,6.028,0.0,100.0,0.0
990,532.0,5.978,0.0,100.0,0.0
991,532.0,5.971,0.0,100.0,0.0
992,532.0,6.128,0.0,100.0,0.0
993,532.0,6.145,0.0,100.0,0.0
994,532.0,6.121,0.0,100.0,0.0
995,532.0,6.111,0.0,100.0,0.0
996,532.0,6.172,0.0,100.0,0.0
997,532.0,6.129,0.0,100.0,0.0
998,532.0,6.166,0.0,100.0,0.0
999,532.0,6.139,0.0,100.0,0.0
1000,532.0,6.141,0.0,100.0,0.0
